                   0              1              2              3              4              5              6              7
    0   1.000000e+00   1.000000e+00   1.000000e+00   1.000000e+00   1.000000e+00   1.000000e+00   1.000000e+00   1.000000e+00
    1  -7.656598e-01  -1.169492e+00  -1.157874e+00  -1.155033e+00  -7.079905e-01  -6.272635e-01  -1.087676e+01   1.144472e+00
    2  -4.059106e-01   6.100809e-01   3.975210e-01  -7.957288e-01  -5.721472e+00  -1.333878e+02   2.898433e+03  -2.570185e+02
    3   2.003413e+00  -8.081960e+01  -2.819128e+01   1.782456e+02   9.441290e+02   3.133722e+04  -6.858065e+05   6.079911e+04
    4  -4.752552e+02   1.208613e+04   4.227240e+03  -3.839774e+04  -1.394502e+05  -6.725318e+06   1.481456e+08  -1.313100e+07
    5   7.121731e+04  -1.822217e+06  -6.405954e+05   7.788867e+06   2.090403e+07   1.377140e+09  -3.045490e+10   2.699080e+09
    6  -1.074241e+07   2.747976e+08   9.721557e+07  -1.537729e+09  -3.124310e+09  -2.734799e+11   6.063856e+12  -5.373702e+11
    7   1.620040e+09  -4.144096e+10  -1.477163e+10   2.977307e+11   4.661428e+11   5.317299e+13  -1.181198e+15   1.046704e+14
    8  -2.443279e+11   6.249734e+12   2.247837e+12  -5.683629e+13  -6.938830e+13  -1.018205e+16   2.264956e+17  -2.006980e+16
    9   3.685022e+13  -9.425632e+14  -3.426585e+14   1.073563e+16   1.029976e+16   1.927755e+18  -4.292623e+19   3.803585e+18
   10  -5.558166e+15   1.421609e+17   5.234227e+16  -2.011447e+18  -1.523511e+18  -3.618389e+20   8.063606e+21  -7.144790e+20
   11   8.384017e+17  -2.144246e+19  -8.014775e+18   3.744982e+20   2.243679e+20   6.746348e+22  -1.504356e+24   1.332917e+23
   12  -1.264760e+20   3.234439e+21   1.230698e+21  -6.937955e+22  -3.286057e+22  -1.251224e+25   2.791443e+26  -2.473289e+25
   13   1.908122e+22  -4.879318e+23  -1.895954e+23   1.280247e+25   4.778889e+24   2.310920e+27  -5.157596e+28   4.569709e+27
   14  -2.879088e+24   7.361436e+25   2.931805e+25  -2.354921e+27  -6.886774e+26  -4.253818e+29   9.496798e+30  -8.414230e+29
   15   4.344749e+26  -1.110754e+28  -4.553094e+27   4.320598e+29   9.805726e+28   7.809061e+31  -1.743841e+33   1.545044e+32
   16  -6.557642e+28   1.676236e+30   7.105438e+29  -7.910541e+31  -1.373670e+31  -1.430429e+34   3.194948e+35  -2.830709e+34
   17   9.899618e+30  -2.530040e+32  -1.114927e+32   1.445874e+34   1.881118e+33   2.615521e+36  -5.842900e+37   5.176756e+36
   18  -1.494839e+33   3.819523e+34   1.760086e+34  -2.639068e+36  -2.491637e+35  -4.775466e+38   1.066954e+40  -9.453075e+38
   19   2.257860e+35  -5.767644e+36  -2.797104e+36   4.811439e+38   3.131825e+37   8.708693e+40  -1.945951e+42   1.724082e+41
   20  -3.411543e+37   8.711977e+38   4.477212e+38  -8.763787e+40  -3.588740e+39  -1.586583e+43   3.545536e+44  -3.141281e+43
   21   5.156866e+39  -1.316405e+41  -7.221710e+40   1.595044e+43   3.355873e+41   2.888153e+45  -6.454648e+46   5.718689e+45
   22  -7.798981e+41   1.989974e+43   1.174288e+43  -2.901192e+45  -1.333270e+43  -5.253964e+47   1.174267e+49  -1.040375e+48
   23   1.180182e+44  -3.009723e+45  -1.925441e+45   5.274132e+47  -4.747283e+45   9.552431e+49  -2.135091e+51   1.891642e+50
   24  -1.787186e+46   4.554809e+47   3.183963e+47  -9.583763e+49   1.941135e+48  -1.735970e+52   3.880284e+53  -3.437838e+52
   25   2.708692e+48  -6.898103e+49  -5.309910e+49   1.740861e+52  -5.148726e+50   3.153597e+54  -7.049251e+55   6.245460e+54
   26  -4.109497e+50   1.045600e+52   8.929468e+51  -3.161275e+54   1.179214e+53  -5.727090e+56   1.280217e+58  -1.134239e+57
   27   6.242222e+52  -1.586534e+54  -1.513783e+54   5.739216e+56  -2.508567e+55   1.039798e+59  -2.324392e+60   2.059349e+59
   28  -9.495281e+54   2.410266e+56   2.586018e+56  -1.041726e+59   5.107103e+57  -1.887427e+61   4.219291e+62  -3.738178e+61
   29   1.446794e+57  -3.666997e+58  -4.449590e+58   1.890515e+61  -1.010251e+60   3.425420e+63  -7.657560e+64   6.784388e+63
   30  -2.208844e+59   5.588562e+60   7.707098e+60  -3.430404e+63   1.958807e+62  -6.215743e+65   1.389555e+67  -1.231107e+66
   31   3.380118e+61  -8.534247e+62  -1.343041e+63   6.223851e+65  -3.743263e+64   1.127765e+68  -2.521195e+69   2.233707e+68
   32  -5.186516e+63   1.306342e+65   2.353176e+65  -1.129095e+68   7.076165e+66  -2.045972e+70   4.573953e+71  -4.052393e+70
   33   7.983365e+65  -2.005145e+67  -4.143120e+67   2.048173e+70  -1.326618e+69   3.711453e+72  -8.297350e+73   7.351215e+72
   34  -1.233311e+68   3.087622e+69   7.325893e+69  -3.715126e+72   2.471134e+71  -6.732208e+74   1.505067e+76  -1.333446e+75
   35   1.913221e+70  -4.772040e+71  -1.300231e+72   6.738388e+74  -4.579770e+73   1.221084e+77  -2.729897e+78   2.418610e+77
   36  -2.982003e+72   7.406562e+73   2.315223e+74  -1.222132e+77   8.453539e+75  -2.214687e+79   4.951253e+80  -4.386666e+79
   37   4.672599e+74  -1.155071e+76  -4.134123e+76   2.216479e+79  -1.555348e+78   4.016627e+81  -8.979786e+82   7.955829e+81
   38  -7.365078e+76   1.811079e+78   7.399779e+78  -4.019712e+81   2.854182e+80  -7.284439e+83   1.628553e+85  -1.442851e+84
   39   1.168482e+79  -2.856698e+80  -1.327229e+81   7.289784e+83  -5.226540e+82   1.321048e+86  -2.953422e+87   2.616645e+86
   40  -1.866960e+81   4.535713e+82   2.384685e+83  -1.321980e+86   9.554235e+84  -2.395691e+88   5.355977e+89  -4.745239e+88
   41   3.005616e+83  -7.253060e+84  -4.290996e+85   2.397324e+88  -1.744067e+87   4.344449e+90  -9.712777e+91   8.605235e+90
   42  -4.877498e+85   1.168705e+87   7.730853e+87  -4.347325e+90   3.179994e+89  -7.878282e+92   1.761331e+94  -1.560487e+93
   43   7.981007e+87  -1.898329e+89  -1.394291e+90   7.883370e+92  -5.792619e+91   1.428639e+95  -3.193983e+96   2.829775e+95
   44  -1.317016e+90   3.109183e+91   2.516886e+92  -1.429543e+95   1.054343e+94  -2.590651e+97   5.791876e+98  -5.131431e+97
   45   2.191854e+92  -5.135689e+93  -4.546694e+94   2.592259e+97  -1.917818e+96   4.697762e+99 -1.050272e+101   9.305101e+99
   46  -3.678514e+94   8.555320e+95   8.218601e+96  -4.700635e+99   3.486583e+98 -8.518633e+101  1.904500e+103 -1.687331e+102
   47   6.223965e+96  -1.437158e+98  -1.486367e+99  8.523776e+101 -6.335777e+100  1.544707e+104 -3.453483e+105  3.059684e+104
   48  -1.061298e+99  2.433837e+100  2.689322e+101 -1.545629e+104  1.150907e+103 -2.801043e+106  6.262264e+107 -5.548181e+106
   49  1.822982e+101 -4.153679e+102 -4.867628e+103  2.802701e+106 -2.090011e+105  5.079157e+108 -1.135543e+110  1.006057e+109
   50 -3.152611e+103  7.140430e+104  8.812996e+105 -5.082140e+108  3.794437e+107 -9.210048e+110  2.059083e+112 -1.824286e+111
   51  5.485916e+105 -1.235750e+107 -1.596024e+108  9.215423e+110 -6.887399e+109  1.670055e+113 -3.733730e+114  3.307974e+113
   52 -9.599719e+107  2.151784e+109  2.890993e+110 -1.671025e+113  1.249936e+112 -3.028298e+115  6.770345e+116 -5.998325e+115
   53  1.688257e+110 -3.767623e+111 -5.237582e+112  3.030048e+115 -2.268076e+114  5.491178e+117 -1.227659e+119  1.087670e+118
   54 -2.982211e+112  6.629457e+113  9.490259e+114 -5.494340e+117  4.115054e+116 -9.957073e+119  2.226097e+121 -1.972256e+120
   55  5.288352e+114 -1.171602e+116 -1.719801e+117  9.962789e+119 -7.465353e+118  1.805499e+122 -4.036543e+123  3.576258e+122
   56 -9.409476e+116  2.078448e+118  3.116898e+119 -1.806533e+122  1.354220e+121 -3.273876e+124  7.319385e+125 -6.484759e+124
   57  1.679092e+119 -3.699451e+120 -5.649414e+121  3.275746e+124 -2.456396e+123  5.936449e+126 -1.327209e+128  1.175868e+127
   58 -3.003784e+121  6.603560e+122  1.024035e+124 -5.939834e+126  4.455359e+125 -1.076443e+129  2.406597e+130 -2.132174e+129
   59  5.385058e+123 -1.181640e+125 -1.856315e+126  1.077056e+129 -8.080654e+127  1.951887e+131 -4.363825e+132  3.866219e+131
   60 -9.671664e+125  2.118865e+127  3.365190e+128 -1.952998e+131  1.465525e+130 -3.539308e+133  7.912814e+134 -7.010519e+133
   61  1.739726e+128 -3.806236e+129 -6.100776e+130  3.541319e+133 -2.657820e+132  6.417735e+135 -1.434810e+137  1.271199e+136
   62 -3.133472e+130  6.847695e+131  1.106051e+133 -6.421379e+135  4.819992e+134 -1.163711e+138  2.601702e+139 -2.305031e+138
   63  5.649983e+132 -1.233524e+134 -2.005291e+135  1.164371e+138 -8.740919e+136  2.110125e+140 -4.717596e+141  4.179650e+140
   64 -1.019693e+135  2.224427e+136  3.635716e+137 -2.111321e+140  1.585111e+139 -3.826230e+142  8.554285e+143 -7.578843e+142
   65  1.841737e+137 -4.014962e+138 -6.591902e+139  3.828398e+142 -2.874456e+141  6.937995e+144 -1.551124e+146  1.374250e+145
   66 -3.328650e+139  7.252279e+140  1.195194e+142 -6.941925e+144  5.212498e+143 -1.258047e+147  2.812609e+148 -2.491888e+147
   67  6.019279e+141 -1.310822e+143 -2.167066e+144  1.258759e+147 -9.452168e+145  2.281180e+149 -5.100023e+150  4.518469e+149
   68 -1.088976e+144  2.370525e+145  3.929259e+146 -2.282471e+149  1.714009e+148 -4.136396e+151  9.247722e+152 -8.193208e+151
   69  1.970864e+146 -4.288826e+147 -7.124480e+148  4.138737e+151 -3.108075e+150  7.500406e+153 -1.676862e+155  1.485650e+154
   70 -3.568066e+148  7.762361e+149  1.291811e+151 -7.504649e+153  5.635950e+152 -1.360026e+156  3.040605e+157 -2.693886e+156
   71  6.461357e+150 -1.405349e+152 -2.342328e+153  1.360796e+156 -1.021976e+155  2.466095e+158 -5.513438e+159  4.884743e+158
   72 -1.170335e+153  2.544994e+154  4.247160e+155 -2.467490e+158  1.853157e+157 -4.471697e+160  9.997353e+161 -8.857359e+160
   73  2.120199e+155 -4.609811e+156 -7.701077e+157  4.474226e+160 -3.360332e+159  8.108394e+162 -1.812790e+164  1.606078e+163
   74 -3.841576e+157  8.351368e+158  1.396387e+160 -8.112980e+162  6.093277e+161 -1.470271e+165  3.287078e+166 -2.912254e+165
   75  6.961416e+159 -1.513203e+161 -2.531988e+162  1.471102e+165 -1.104889e+164  2.665998e+167 -5.960359e+168  5.280702e+167
   76 -1.261629e+162  2.742149e+163  4.591120e+164 -2.667505e+167  2.003482e+166 -4.834173e+169  1.080774e+171 -9.575337e+169
   77  2.286674e+164 -4.969697e+165 -8.324851e+166  4.836907e+169 -3.632883e+168  8.765661e+171 -1.959735e+173  1.736267e+172
   78 -4.144849e+166  9.007543e+167  1.509507e+169 -8.770616e+171  6.587442e+170 -1.589451e+174  3.553528e+175 -3.148320e+174
   79  7.513456e+168 -1.632729e+170 -2.737123e+171  1.590349e+174 -1.194488e+173  2.882103e+176 -6.443505e+177  5.708754e+176
   80 -1.362049e+171  2.959701e+172  4.963112e+173 -2.883732e+176  2.165939e+175 -5.226030e+178  1.168381e+180 -1.035151e+179
   81  2.469246e+173 -5.365413e+174 -8.999414e+175  5.228984e+178 -3.927447e+177  9.476202e+180 -2.118590e+182  1.877008e+181
   82 -4.476629e+175  9.726947e+176  1.631830e+178 -9.481558e+180  7.121544e+179 -1.718291e+183  3.841575e+184 -3.403522e+183
   83  8.116161e+177 -1.763457e+179 -2.958937e+180  1.719262e+183 -1.291331e+182  3.115725e+185 -6.965812e+186  6.171503e+185
   84 -1.471502e+180  3.197170e+181  5.365335e+182 -3.117486e+185  2.341537e+184 -5.649649e+187  1.263090e+189 -1.119060e+188
   85  2.667962e+182 -5.796648e+183 -9.728775e+184  5.652843e+187 -4.245847e+186  1.024434e+190 -2.290322e+191  2.029157e+190
   86 -4.837332e+184  1.050985e+186  1.764086e+187 -1.025013e+190  7.698877e+188 -1.857574e+192  4.152971e+193 -3.679409e+192
   87  8.770779e+186 -1.905565e+188 -3.198758e+189  1.858625e+192 -1.396016e+191  3.368283e+194 -7.530456e+195  6.671761e+194
   88 -1.590287e+189  3.455068e+190  5.800202e+191 -3.370187e+194  2.531356e+193 -6.107606e+196  1.365475e+198 -1.209770e+197
   89  2.883481e+191 -6.264617e+192 -1.051732e+194  6.111058e+196 -4.590035e+195  1.107474e+199 -2.475974e+200  2.193639e+199
   90 -5.228321e+193  1.135891e+195  1.907071e+196 -1.108100e+199  8.322977e+197 -2.008148e+201  4.489608e+202 -3.977660e+201
   91  9.480041e+195 -2.059596e+197 -3.458032e+198  2.009283e+201 -1.509181e+200  3.641314e+203 -8.140870e+204  7.212569e+203
   92 -1.718940e+198  3.734481e+199  6.270339e+200 -3.643372e+203  2.736554e+202 -6.602684e+205  1.476159e+207 -1.307833e+206
   93  3.116830e+200 -6.771438e+201 -1.136981e+203  6.606416e+205 -4.962111e+204  1.197245e+208 -2.676674e+209  2.371454e+208
   94 -5.651545e+202  1.227817e+204  2.061652e+205 -1.197921e+208  8.997649e+206 -2.170927e+210  4.853532e+211 -4.300086e+210
   95  1.024761e+205 -2.226321e+206 -3.738330e+207  2.172154e+210 -1.631517e+209  3.936476e+212 -8.800763e+213  7.797215e+212
   96 -1.858144e+207  4.036858e+208  6.778597e+209 -3.938701e+212  2.958381e+211 -7.137893e+214  1.595816e+216 -1.413845e+215
   97  3.369279e+209 -7.319817e+210 -1.229142e+212  7.141928e+214 -5.364343e+213  1.294292e+217 -2.893644e+218  2.563683e+217
   98 -6.109355e+211  1.327266e+213  2.228765e+214 -1.295024e+217  9.727001e+215 -2.346901e+219  5.246956e+220 -4.648648e+219
   99  1.107782e+214 -2.406670e+215 -4.041352e+216  2.348228e+219 -1.763768e+218  4.255564e+221 -9.514146e+222  8.429252e+221
  100 -2.008695e+216  4.363908e+217  7.328059e+218 -4.257970e+221  3.198187e+220 -7.716485e+223  1.725171e+225 -1.528451e+224
  101  3.642287e+218 -7.912893e+219 -1.328774e+221  7.720847e+223 -5.799175e+222  1.399207e+226 -3.128200e+227  2.771493e+226
  102 -6.604420e+220  1.434814e+222  2.409426e+223 -1.399998e+226  1.051547e+225 -2.537139e+228  5.672271e+229 -5.025464e+228
  103  1.197555e+223 -2.601693e+224 -4.368939e+225  2.538573e+228 -1.906738e+227  4.600517e+230 -1.028536e+232  9.112520e+230
  104 -2.171484e+225  4.717553e+226  7.922063e+227 -4.603118e+230  3.457430e+229 -8.341978e+232  1.865012e+234 -1.652346e+233
  105  3.937475e+227 -8.554171e+228 -1.436483e+230  8.346693e+232 -6.269254e+231  1.512625e+235 -3.381770e+236  2.996148e+235
  106 -7.139689e+229  1.551098e+231  2.604732e+232 -1.513480e+235  1.136785e+234 -2.742798e+237  6.132061e+238 -5.432824e+237
  107  1.294616e+232 -2.812553e+233 -4.723081e+234  2.744348e+237 -2.061297e+236  4.973432e+239 -1.111908e+241  9.851175e+239
  108 -2.347484e+234  5.099908e+235  8.564218e+236 -4.976243e+239  3.737688e+238 -9.018172e+241  2.016189e+243 -1.786284e+242
  109  4.256617e+236 -9.247495e+237 -1.552924e+239  9.023270e+241 -6.777436e+240  1.635238e+244 -3.655894e+245  3.239014e+244
  110 -7.718386e+238  1.676818e+240  2.815869e+241 -1.636162e+244  1.228932e+243 -2.965127e+246  6.629121e+247 -5.873205e+246
  111  1.399550e+241 -3.040520e+242 -5.105929e+243  2.966803e+246 -2.228385e+245  5.376574e+248 -1.202038e+250  1.064970e+249
  112 -2.537760e+243  5.513279e+244  9.258426e+245 -5.379613e+248  4.040662e+247 -9.749179e+250  2.179620e+252 -1.931078e+251
  113  4.601641e+245 -9.997054e+246 -1.678802e+248  9.754689e+250 -7.326810e+249  1.767789e+253 -3.952238e+254  3.501566e+253
  114 -8.344011e+247  1.812734e+249  3.044121e+250 -1.768788e+253  1.328548e+252 -3.205478e+255  7.166472e+256 -6.349282e+255
  115  1.512993e+250 -3.286975e+251 -5.519812e+252  3.207290e+255 -2.409016e+254  5.812395e+257 -1.299475e+259  1.151296e+258
  116 -2.743464e+252  5.960169e+253  1.000891e+255 -5.815681e+257  4.368195e+256 -1.053944e+260  2.356298e+261 -2.087610e+260
  117  4.974639e+254 -1.080739e+256 -1.814885e+257  1.054540e+260 -7.920716e+258  1.911085e+262 -4.272603e+263  3.785400e+262
  118 -9.020359e+256  1.959670e+258  3.290875e+259 -1.912165e+262  1.436239e+261 -3.465311e+264  7.747381e+265 -6.863950e+264
  119  1.635634e+259 -3.553410e+260 -5.967244e+261  3.467270e+264 -2.604289e+263  6.283544e+266 -1.404809e+268  1.244619e+267
  120 -2.965845e+261  6.443289e+262  1.082022e+264 -6.287096e+266  4.722278e+265 -1.139376e+269  2.547298e+270 -2.256830e+269
  121  5.377875e+263 -1.168342e+265 -1.961998e+266  1.140020e+269 -8.562763e+267  2.065996e+271 -4.618937e+272  4.092242e+271
  122 -9.751537e+265  2.118518e+267  3.557631e+268 -2.067163e+271  1.552660e+270 -3.746207e+273  8.375378e+274 -7.420337e+273
  123  1.768216e+268 -3.841445e+269 -6.450944e+270  3.748325e+273 -2.815391e+272  6.792883e+275 -1.518682e+277  1.345507e+276
  124 -3.206253e+270  6.965574e+271  1.169730e+273 -6.796723e+275  5.105062e+274 -1.231733e+278  2.753780e+279 -2.439767e+278
  125  5.813800e+272 -1.263046e+274 -2.121036e+275  1.232429e+278 -9.256854e+276  2.233464e+280 -4.993345e+281  4.423956e+280
  126 -1.054199e+275  2.290243e+276  3.846010e+277 -2.234726e+280  1.678517e+279 -4.049872e+282  9.054280e+283 -8.021824e+282
  127  1.911546e+277 -4.152828e+278 -6.973852e+279  4.052161e+282 -3.043604e+281  7.343509e+284 -1.641785e+286  1.454573e+285
  128 -3.466148e+279  7.530196e+280  1.264547e+282 -7.347660e+284  5.518875e+283 -1.331576e+287  2.976999e+288 -2.637533e+287
  129  6.285061e+281 -1.365428e+283 -2.292965e+284  1.332329e+287 -1.000721e+286  2.414507e+289 -5.398102e+290  4.782558e+289
  130 -1.139651e+284  2.475888e+285  4.157764e+286 -2.415871e+289  1.814577e+288 -4.378151e+291  9.788213e+292 -8.672067e+291
  131  2.066494e+286 -4.489453e+287 -7.539148e+288  4.380626e+291 -3.290317e+290  7.938769e+293 -1.774867e+295  1.572480e+294
  132 -3.747111e+288  8.140588e+289  1.367051e+291 -7.943256e+293  5.966231e+292 -1.439513e+296  3.218312e+297 -2.851329e+296
  133  6.794523e+290 -1.476108e+292 -2.478831e+293  1.440326e+296 -1.081839e+295  2.610225e+298 -5.835668e+299  5.170229e+298
  134 -1.232030e+293  2.676582e+294  4.494790e+295 -2.611700e+298  1.961665e+297 -4.733041e+300  1.058164e+302 -9.375018e+300
  135  2.234003e+295 -4.853364e+296 -8.150265e+297  4.735716e+300 -3.557027e+299  8.582279e+302 -1.918736e+304  1.699944e+303
  136 -4.050849e+297  8.800457e+298  1.477863e+300 -8.587130e+302  6.449849e+301      -nan(ind)      -nan(ind)      -nan(ind)
  137  7.345282e+299 -1.595760e+301 -2.679764e+302      -nan(ind)      -nan(ind)      -nan(ind)      -nan(ind)      -nan(ind)
  138 -1.331898e+302  2.893543e+303      -nan(ind)      -nan(ind)      -nan(ind)      -nan(ind)      -nan(ind)      -nan(ind)
  139  2.415089e+304      -nan(ind)      -nan(ind)      -nan(ind)      -nan(ind)      -nan(ind)      -nan(ind)      -nan(ind)
